1
1
1
1
4
5
4
8
6
4
1
9
12
6
1
5
12
10
7
12
10
13
4
24
4
26
21
8
11
8
28
24
32
12
33
7
5
31
18
27
15
42
21
22
3
12
40
38
41
24
51
12
29
13
12
50
31
2
11
41
27
41
1
38
48
13
49
65
13
53
23
19
3
11
60
4
63
59
52
13
18
1
47
42
58
20
9
32
72
59
49
9
71
85
17
38
43
6
28
82
40
45
49
16
34
78
59
56
66
16
50
97
3
98
42
31
78
16
9
103
47
12
17
115
71
19
96
56
123
9
113
78
112
85
90
100
120
88
100
94
51
47
30
12
53
32
13
129
96
130
71
123
116
76
30
89
18
102
138
110
60
96
41
115
41
140
102
158
134
30
59
143
154
158
13
112
128
115
74
154
41
54
60
139
93
134
87
13
175
25
60
93
67
61
118
91
132
59
75
122
110
48
59
113
71
184
104
88
190
117
143
152
126
131
102
120
125
74
116
7
117
184
208
33
57
61
75
73
6
5
91
70
231
207
161
189
8
33
80
103
103
124
212
160
183
215
5
234
101
243
186
119
15
128
185
169
119
107
240
83
200
104
220
110
222
73
224
221
222
175
154
158
201
273
148
227
138
159
211
276
151
41
126
77
4
274
261
46
124
75
97
119
86
95
55
113
170
241
299
265
174
40
118
248
140
132
291
13
103
118
66
44
87
19
143
237
11
210
124
192
152
122
276
274
321
155
21
308
10
297
172
11
155
260
5
7
61
20
261
184
222
342
118
158
331
203
131
261
309
222
288
107
11
211
347
95
262
279
194
208
75
91
245
220
302
16
80
82
344
136
330
302
140
318
161
272
116
358
57
40
290
177
135
115
376
222
126
220
157
209
371
338
71
350
272
371
204
173
394
301
296
390
398
197
142
89
43
393
206
253
247
372
324
124
327
165
394
63
74
183
6
393
267
173
67
151
65
9
133
12
54
344
111
184
290
369
111
115
380
196
365
206
380
88
72
386
390
205
391
35
278
149
270
15
150
171
18
273
120
207
113
258
156
168
194
285
1
146
161
398
33
255
278
428
141
369
448
311
260
175
75
396
177
194
400
465
195
395
195
475
364
236
210
457
336
399
82
218
290
408
